{
 "cells": [
  {
   "cell_type": "code",
   "execution_count": 36,
   "metadata": {},
   "outputs": [],
   "source": [
    "import numpy as np\n",
    "import pandas as pd\n",
    "%matplotlib inline\n",
    "import matplotlib.pyplot as plt\n",
    "from sklearn.model_selection import train_test_split, GridSearchCV\n",
    "from sklearn import metrics\n",
    "from sklearn.metrics import accuracy_score, confusion_matrix\n",
    "from sklearn.pipeline import Pipeline\n",
    "from sklearn.preprocessing import StandardScaler\n",
    "from sklearn.linear_model import LogisticRegression\n",
    "from sklearn.ensemble import RandomForestClassifier\n",
    "from sklearn.model_selection import train_test_split\n",
    "from sklearn.model_selection import RandomizedSearchCV, GridSearchCV, KFold\n",
    "from sklearn.metrics import accuracy_score, log_loss, multilabel_confusion_matrix, f1_score, average_precision_score"
   ]
  },
  {
   "cell_type": "markdown",
   "metadata": {},
   "source": [
    "Dataset is split 80%/20% as training/testing data Multi - Classification model ROC/AUC is used to evaluate predictions\u000b",
    "\u000b",
    "Models used -DecisionTreeClassifier -RandomForestClassifier -XGBoostClassifier"
   ]
  },
  {
   "cell_type": "code",
   "execution_count": 37,
   "metadata": {},
   "outputs": [
    {
     "name": "stdout",
     "output_type": "stream",
     "text": [
      "no stored variable #moving dataset from previous notebook\n"
     ]
    }
   ],
   "source": [
    "%store -r df #moving dataset from previous notebook"
   ]
  },
  {
   "cell_type": "code",
   "execution_count": 38,
   "metadata": {},
   "outputs": [],
   "source": [
    "from sklearn.model_selection import train_test_split\n",
    "X = df[['status', 'location', 'amount_mean', 'operation_mean', 'incoming_mean', 'outgoing_mean', 'incoming_max',\n",
    "'outgoing_max', 'incoming_min', 'outgoing_min', 'age', 'Generation', 'Life-Cycle', 'Female', 'Male', \n",
    "'email_types', 'type_mean_email', 'credit-amount-gr', 'loan_payment_mean', 'Student', 'Employed', 'Resident']]\n",
    "Y = df.iloc[:, 8]\n",
    "X_train, X_test, y_train, y_test = train_test_split(X, Y, test_size=0.2, random_state=0)"
   ]
  },
  {
   "cell_type": "code",
   "execution_count": 39,
   "metadata": {},
   "outputs": [
    {
     "name": "stdout",
     "output_type": "stream",
     "text": [
      "<class 'pandas.core.frame.DataFrame'>\n",
      "Int64Index: 682 entries, 0 to 681\n",
      "Data columns (total 22 columns):\n",
      " #   Column             Non-Null Count  Dtype  \n",
      "---  ------             --------------  -----  \n",
      " 0   status             682 non-null    int64  \n",
      " 1   location           682 non-null    int64  \n",
      " 2   amount_mean        682 non-null    float64\n",
      " 3   operation_mean     682 non-null    float64\n",
      " 4   incoming_mean      682 non-null    float64\n",
      " 5   outgoing_mean      682 non-null    float64\n",
      " 6   incoming_max       682 non-null    float64\n",
      " 7   outgoing_max       682 non-null    float64\n",
      " 8   incoming_min       682 non-null    float64\n",
      " 9   outgoing_min       682 non-null    float64\n",
      " 10  age                682 non-null    float64\n",
      " 11  Generation         682 non-null    int64  \n",
      " 12  Life-Cycle         682 non-null    int64  \n",
      " 13  Female             682 non-null    int64  \n",
      " 14  Male               682 non-null    int64  \n",
      " 15  email_types        682 non-null    int64  \n",
      " 16  type_mean_email    682 non-null    float64\n",
      " 17  credit-amount-gr   682 non-null    int64  \n",
      " 18  loan_payment_mean  682 non-null    float64\n",
      " 19  Student            682 non-null    int64  \n",
      " 20  Employed           682 non-null    int64  \n",
      " 21  Resident           682 non-null    int64  \n",
      "dtypes: float64(11), int64(11)\n",
      "memory usage: 122.5 KB\n"
     ]
    }
   ],
   "source": [
    "X.info()"
   ]
  },
  {
   "cell_type": "markdown",
   "metadata": {},
   "source": [
    "# Random Forest"
   ]
  },
  {
   "cell_type": "code",
   "execution_count": 109,
   "metadata": {},
   "outputs": [
    {
     "name": "stdout",
     "output_type": "stream",
     "text": [
      "Logarithmic Loss: 0.21044798065017797\n"
     ]
    },
    {
     "name": "stderr",
     "output_type": "stream",
     "text": [
      "/Users/amihailovs/opt/anaconda3/lib/python3.7/site-packages/sklearn/ensemble/forest.py:245: FutureWarning: The default value of n_estimators will change from 10 in version 0.20 to 100 in 0.22.\n",
      "  \"10 in version 0.20 to 100 in 0.22.\", FutureWarning)\n"
     ]
    }
   ],
   "source": [
    "rf_tree = RandomForestClassifier()\n",
    "rf_tree.fit(X_train, y_train)\n",
    "y_pred = rf_tree.predict_proba(X_test)\n",
    "\n",
    "print('Logarithmic Loss:', metrics.log_loss(y_test, y_pred))"
   ]
  },
  {
   "cell_type": "markdown",
   "metadata": {},
   "source": [
    "## Optimization"
   ]
  },
  {
   "cell_type": "markdown",
   "metadata": {},
   "source": [
    "### Grid search"
   ]
  },
  {
   "cell_type": "code",
   "execution_count": 121,
   "metadata": {},
   "outputs": [],
   "source": [
    "rf_params = {'min_samples_split': [2, 3, 4, 5, 6], \n",
    "              'min_samples_leaf': [4, 6, 8, 12, 15],\n",
    "              'n_estimators': [100, 150, 170, 200, 300],\n",
    "              'max_depth': [10, 20, 30, 50, 70]}\n",
    "\n",
    "kf = KFold(n_splits=5)"
   ]
  },
  {
   "cell_type": "code",
   "execution_count": 122,
   "metadata": {},
   "outputs": [],
   "source": [
    "grid_searcher_rf = GridSearchCV(estimator=rf_tree, param_grid=rf_params, \n",
    "                             cv=kf, verbose=1, n_jobs=4)"
   ]
  },
  {
   "cell_type": "code",
   "execution_count": 123,
   "metadata": {},
   "outputs": [
    {
     "name": "stdout",
     "output_type": "stream",
     "text": [
      "Fitting 5 folds for each of 625 candidates, totalling 3125 fits\n"
     ]
    },
    {
     "name": "stderr",
     "output_type": "stream",
     "text": [
      "[Parallel(n_jobs=4)]: Using backend LokyBackend with 4 concurrent workers.\n",
      "[Parallel(n_jobs=4)]: Done  42 tasks      | elapsed:    6.3s\n",
      "[Parallel(n_jobs=4)]: Done 192 tasks      | elapsed:   25.1s\n",
      "[Parallel(n_jobs=4)]: Done 442 tasks      | elapsed:   58.4s\n",
      "[Parallel(n_jobs=4)]: Done 792 tasks      | elapsed:  1.7min\n",
      "[Parallel(n_jobs=4)]: Done 1242 tasks      | elapsed:  2.5min\n",
      "[Parallel(n_jobs=4)]: Done 1792 tasks      | elapsed:  3.9min\n",
      "[Parallel(n_jobs=4)]: Done 2442 tasks      | elapsed:  5.1min\n",
      "[Parallel(n_jobs=4)]: Done 3125 out of 3125 | elapsed:  6.4min finished\n"
     ]
    },
    {
     "data": {
      "text/plain": [
       "GridSearchCV(cv=KFold(n_splits=5, random_state=None, shuffle=False),\n",
       "             error_score='raise-deprecating',\n",
       "             estimator=RandomForestClassifier(bootstrap=True, class_weight=None,\n",
       "                                              criterion='gini', max_depth=None,\n",
       "                                              max_features='auto',\n",
       "                                              max_leaf_nodes=None,\n",
       "                                              min_impurity_decrease=0.0,\n",
       "                                              min_impurity_split=None,\n",
       "                                              min_samples_leaf=1,\n",
       "                                              min_samples_split=2,\n",
       "                                              min_weight_fraction_leaf=0.0,\n",
       "                                              n_estimators=10, n_jobs=None,\n",
       "                                              oob_score=False,\n",
       "                                              random_state=None, verbose=0,\n",
       "                                              warm_start=False),\n",
       "             iid='warn', n_jobs=4,\n",
       "             param_grid={'max_depth': [10, 20, 30, 50, 70],\n",
       "                         'min_samples_leaf': [4, 6, 8, 12, 15],\n",
       "                         'min_samples_split': [2, 3, 4, 5, 6],\n",
       "                         'n_estimators': [100, 150, 170, 200, 300]},\n",
       "             pre_dispatch='2*n_jobs', refit=True, return_train_score=False,\n",
       "             scoring=None, verbose=1)"
      ]
     },
     "execution_count": 123,
     "metadata": {},
     "output_type": "execute_result"
    }
   ],
   "source": [
    "grid_searcher_rf.fit(X_train, y_train)"
   ]
  },
  {
   "cell_type": "code",
   "execution_count": 124,
   "metadata": {},
   "outputs": [
    {
     "data": {
      "text/plain": [
       "({'max_depth': 70,\n",
       "  'min_samples_leaf': 4,\n",
       "  'min_samples_split': 6,\n",
       "  'n_estimators': 150},\n",
       " 0.9357798165137615)"
      ]
     },
     "execution_count": 124,
     "metadata": {},
     "output_type": "execute_result"
    }
   ],
   "source": [
    "grid_searcher_rf.best_params_, grid_searcher_rf.best_score_"
   ]
  },
  {
   "cell_type": "code",
   "execution_count": 125,
   "metadata": {},
   "outputs": [],
   "source": [
    "rf_tree_opt = RandomForestClassifier(\n",
    "    n_estimators=150,\n",
    "    min_samples_split=6,\n",
    "    min_samples_leaf=4,\n",
    "    max_features='log2',\n",
    "    max_depth=70,\n",
    "    bootstrap=True\n",
    ")"
   ]
  },
  {
   "cell_type": "code",
   "execution_count": 126,
   "metadata": {},
   "outputs": [
    {
     "data": {
      "text/plain": [
       "array([[2.46774892e-02, 7.72893218e-02, 8.60558682e-01, 3.74745070e-02],\n",
       "       [4.61111111e-03, 1.44922670e-02, 9.71521775e-01, 9.37484737e-03],\n",
       "       [1.58838134e-02, 3.84624635e-02, 9.28278469e-01, 1.73752544e-02],\n",
       "       [2.41558442e-03, 4.95238095e-03, 9.89298701e-01, 3.33333333e-03],\n",
       "       [1.66137566e-02, 9.59292559e-02, 8.69513357e-01, 1.79436304e-02],\n",
       "       [2.85714286e-03, 1.15396825e-02, 9.76555556e-01, 9.04761905e-03],\n",
       "       [2.05484571e-01, 3.12684519e-01, 1.52503608e-01, 3.29327302e-01],\n",
       "       [1.33333333e-03, 2.66666667e-03, 9.96000000e-01, 0.00000000e+00],\n",
       "       [0.00000000e+00, 7.21500722e-03, 9.90284993e-01, 2.50000000e-03],\n",
       "       [4.51914099e-03, 2.10613276e-02, 9.63910873e-01, 1.05086580e-02],\n",
       "       [1.09898225e-01, 5.88882025e-01, 1.82859166e-01, 1.18360584e-01],\n",
       "       [7.00577201e-03, 8.59858105e-02, 8.85783069e-01, 2.12253487e-02],\n",
       "       [6.22222222e-03, 7.24514331e-02, 8.96406870e-01, 2.49194749e-02],\n",
       "       [2.73809524e-03, 3.17460317e-03, 9.88597884e-01, 5.48941799e-03],\n",
       "       [0.00000000e+00, 8.74074074e-03, 9.88296296e-01, 2.96296296e-03],\n",
       "       [8.66239316e-03, 8.49381452e-02, 8.94853165e-01, 1.15462963e-02],\n",
       "       [3.86562882e-02, 4.38048618e-02, 8.54193418e-01, 6.33454323e-02],\n",
       "       [4.72222222e-03, 8.60336700e-02, 8.90320587e-01, 1.89235209e-02],\n",
       "       [9.47712418e-04, 5.22588523e-03, 9.88285277e-01, 5.54112554e-03],\n",
       "       [2.24161662e-01, 3.26107291e-01, 2.88495996e-01, 1.61235051e-01],\n",
       "       [3.49630000e-02, 4.20559441e-02, 8.75415085e-01, 4.75659711e-02],\n",
       "       [2.88445446e-01, 1.10197410e-01, 2.04019204e-01, 3.97337940e-01],\n",
       "       [1.72535262e-01, 2.55268487e-01, 2.08678341e-01, 3.63517910e-01],\n",
       "       [1.66666667e-03, 2.30735931e-02, 9.67002165e-01, 8.25757576e-03],\n",
       "       [4.33333333e-03, 1.52520443e-02, 9.71653680e-01, 8.76094276e-03],\n",
       "       [0.00000000e+00, 6.66666667e-04, 9.99333333e-01, 0.00000000e+00],\n",
       "       [0.00000000e+00, 0.00000000e+00, 9.98518519e-01, 1.48148148e-03],\n",
       "       [1.81792311e-01, 3.94857215e-01, 1.78582286e-01, 2.44768188e-01],\n",
       "       [6.34920635e-03, 1.24957265e-02, 9.75916972e-01, 5.23809524e-03],\n",
       "       [2.73435040e-01, 3.71278456e-01, 1.64299681e-01, 1.90986824e-01],\n",
       "       [4.44444444e-03, 1.15000000e-02, 9.82722222e-01, 1.33333333e-03],\n",
       "       [0.00000000e+00, 3.33333333e-03, 9.95333333e-01, 1.33333333e-03],\n",
       "       [1.97429792e-02, 8.24155289e-02, 8.66160284e-01, 3.16812077e-02],\n",
       "       [1.04737855e-02, 2.55661376e-02, 9.29470418e-01, 3.44896585e-02],\n",
       "       [0.00000000e+00, 5.22222222e-03, 9.93444444e-01, 1.33333333e-03],\n",
       "       [2.03352087e-01, 1.60727184e-01, 1.74404354e-01, 4.61516375e-01],\n",
       "       [2.17535245e-01, 2.10058901e-01, 2.27230844e-01, 3.45175010e-01],\n",
       "       [3.33333333e-03, 6.66161616e-03, 9.88338384e-01, 1.66666667e-03],\n",
       "       [5.23809524e-03, 6.05921856e-03, 9.87036020e-01, 1.66666667e-03],\n",
       "       [1.90358614e-01, 1.82074999e-01, 2.30449088e-01, 3.97117299e-01],\n",
       "       [1.05219281e-01, 5.98250398e-01, 1.16324527e-01, 1.80205794e-01],\n",
       "       [2.82152477e-02, 8.20601251e-02, 8.68187350e-01, 2.15372775e-02],\n",
       "       [5.97883598e-03, 6.90476190e-03, 9.86164021e-01, 9.52380952e-04],\n",
       "       [4.66666667e-03, 1.15714286e-02, 9.83761905e-01, 0.00000000e+00],\n",
       "       [9.34920635e-03, 1.56412291e-02, 9.68454009e-01, 6.55555556e-03],\n",
       "       [0.00000000e+00, 3.32112332e-03, 9.96678877e-01, 0.00000000e+00],\n",
       "       [1.77304479e-02, 2.57358674e-02, 9.46218870e-01, 1.03148148e-02],\n",
       "       [0.00000000e+00, 2.17460317e-02, 9.78253968e-01, 0.00000000e+00],\n",
       "       [9.52380952e-04, 3.09799253e-02, 9.64456583e-01, 3.61111111e-03],\n",
       "       [3.92156863e-04, 0.00000000e+00, 9.99607843e-01, 0.00000000e+00],\n",
       "       [1.31806157e-02, 1.11658099e-01, 8.63553634e-01, 1.16076516e-02],\n",
       "       [0.00000000e+00, 6.78571429e-03, 9.93214286e-01, 0.00000000e+00],\n",
       "       [1.77003378e-01, 4.10609916e-01, 2.64556182e-01, 1.47830524e-01],\n",
       "       [3.05010893e-03, 1.05010893e-02, 9.86056645e-01, 3.92156863e-04],\n",
       "       [1.66666667e-03, 1.12121212e-02, 9.81306397e-01, 5.81481481e-03],\n",
       "       [3.92156863e-04, 1.71459836e-02, 9.75564313e-01, 6.89754690e-03],\n",
       "       [2.10967551e-02, 9.05285504e-02, 8.76643278e-01, 1.17314167e-02],\n",
       "       [4.72107366e-01, 1.94357780e-01, 9.14332400e-02, 2.42101614e-01],\n",
       "       [0.00000000e+00, 0.00000000e+00, 9.96363636e-01, 3.63636364e-03],\n",
       "       [1.90476190e-03, 1.64047619e-02, 9.80738095e-01, 9.52380952e-04],\n",
       "       [2.69719302e-01, 3.75350868e-01, 1.85309969e-01, 1.69619862e-01],\n",
       "       [1.66666667e-03, 3.66666667e-03, 9.94666667e-01, 0.00000000e+00],\n",
       "       [7.51181411e-02, 4.54774115e-02, 8.32309117e-01, 4.70953306e-02],\n",
       "       [0.00000000e+00, 7.25925926e-03, 9.92740741e-01, 0.00000000e+00],\n",
       "       [2.32023902e-02, 9.20239113e-02, 8.15872831e-01, 6.89008677e-02],\n",
       "       [1.19158249e-02, 7.68891294e-02, 8.48870370e-01, 6.23246753e-02],\n",
       "       [1.03973064e-02, 1.37994228e-02, 9.65961520e-01, 9.84175084e-03],\n",
       "       [1.37659748e-02, 9.45431975e-02, 8.49076220e-01, 4.26146076e-02],\n",
       "       [3.59552718e-01, 1.67008254e-01, 1.66175157e-01, 3.07263871e-01],\n",
       "       [1.04440911e-01, 5.35905428e-01, 1.62449384e-01, 1.97204277e-01],\n",
       "       [1.11111111e-03, 3.89378008e-02, 9.55314336e-01, 4.63675214e-03],\n",
       "       [4.66666667e-03, 9.55555556e-03, 9.77566138e-01, 8.21164021e-03],\n",
       "       [4.24779229e-02, 4.74013949e-02, 8.86490831e-01, 2.36298516e-02],\n",
       "       [3.96825397e-03, 2.52391846e-02, 9.69903673e-01, 8.88888889e-04],\n",
       "       [2.00000000e-03, 2.42923977e-02, 9.67596491e-01, 6.11111111e-03],\n",
       "       [7.08472268e-02, 5.48155104e-01, 2.90593203e-01, 9.04044659e-02],\n",
       "       [1.48750805e-01, 3.36019055e-01, 8.69684945e-02, 4.28261646e-01],\n",
       "       [1.35901876e-02, 6.66666667e-03, 9.61282828e-01, 1.84603175e-02],\n",
       "       [7.14285714e-03, 7.79202279e-03, 9.77557184e-01, 7.50793651e-03],\n",
       "       [0.00000000e+00, 1.27910053e-02, 9.87208995e-01, 0.00000000e+00],\n",
       "       [6.19047619e-03, 1.89872535e-02, 9.64035835e-01, 1.07864358e-02],\n",
       "       [8.42490842e-03, 2.03703704e-03, 9.88585674e-01, 9.52380952e-04],\n",
       "       [4.61399711e-03, 5.09936267e-02, 9.29908610e-01, 1.44837662e-02],\n",
       "       [1.00588235e-02, 2.22222222e-03, 9.84861811e-01, 2.85714286e-03],\n",
       "       [1.47705628e-02, 3.74586340e-02, 9.40780904e-01, 6.98989899e-03],\n",
       "       [3.05555556e-03, 0.00000000e+00, 9.87554113e-01, 9.39033189e-03],\n",
       "       [7.11904762e-03, 1.27380952e-02, 9.75968254e-01, 4.17460317e-03],\n",
       "       [1.12063492e-02, 3.57873978e-02, 9.42506253e-01, 1.05000000e-02],\n",
       "       [2.97675103e-02, 4.82380952e-02, 9.02052041e-01, 1.99423539e-02],\n",
       "       [0.00000000e+00, 4.33910534e-03, 9.93756133e-01, 1.90476190e-03],\n",
       "       [5.58972509e-02, 7.61441651e-01, 1.19529304e-01, 6.31317941e-02],\n",
       "       [3.43915344e-03, 6.23015873e-03, 9.81534392e-01, 8.79629630e-03],\n",
       "       [2.27272727e-03, 2.61438191e-02, 9.57603656e-01, 1.39797980e-02],\n",
       "       [1.86706692e-01, 5.15871448e-01, 1.74781423e-01, 1.22640436e-01],\n",
       "       [2.33470427e-01, 5.08192594e-01, 1.01330051e-01, 1.57006927e-01],\n",
       "       [2.22222222e-03, 9.00000000e-03, 9.88777778e-01, 0.00000000e+00],\n",
       "       [0.00000000e+00, 1.85185185e-03, 9.93333333e-01, 4.81481481e-03],\n",
       "       [2.36550847e-01, 4.73578912e-01, 1.29830688e-01, 1.60039553e-01],\n",
       "       [9.31789137e-02, 7.15092611e-01, 1.09007937e-01, 8.27205387e-02],\n",
       "       [2.96296296e-03, 1.01111111e-02, 9.86925926e-01, 0.00000000e+00],\n",
       "       [2.06349206e-03, 3.25645814e-02, 9.64631186e-01, 7.40740741e-04],\n",
       "       [5.91025641e-03, 4.38747135e-02, 9.36475449e-01, 1.37395807e-02],\n",
       "       [6.66666667e-04, 1.57777778e-02, 9.82888889e-01, 6.66666667e-04],\n",
       "       [9.51811152e-03, 9.80451585e-02, 8.67560458e-01, 2.48762719e-02],\n",
       "       [3.35417055e-01, 1.78391627e-01, 1.85386051e-01, 3.00805268e-01],\n",
       "       [0.00000000e+00, 5.55555556e-04, 9.99444444e-01, 0.00000000e+00],\n",
       "       [1.48148148e-03, 1.89035088e-02, 9.76281676e-01, 3.33333333e-03],\n",
       "       [2.00000000e-03, 1.33333333e-03, 9.95555556e-01, 1.11111111e-03],\n",
       "       [5.71428571e-03, 4.67032967e-03, 9.86043956e-01, 3.57142857e-03],\n",
       "       [5.12820513e-04, 9.59035409e-03, 9.87230159e-01, 2.66666667e-03],\n",
       "       [6.58730159e-03, 1.38449328e-02, 9.76512210e-01, 3.05555556e-03],\n",
       "       [1.90476190e-03, 2.57142857e-03, 9.94571429e-01, 9.52380952e-04],\n",
       "       [1.21851852e-02, 5.61798942e-02, 9.16507937e-01, 1.51269841e-02],\n",
       "       [2.21885269e-02, 1.35704539e-02, 9.45243665e-01, 1.89973545e-02],\n",
       "       [2.85658268e-01, 3.36713139e-01, 1.54447682e-01, 2.23180912e-01],\n",
       "       [0.00000000e+00, 9.52380952e-04, 9.95411255e-01, 3.63636364e-03],\n",
       "       [1.11111111e-03, 5.49783550e-03, 9.90957191e-01, 2.43386243e-03],\n",
       "       [6.29629630e-03, 1.51111111e-02, 9.75537037e-01, 3.05555556e-03],\n",
       "       [0.00000000e+00, 1.61904762e-03, 9.97492063e-01, 8.88888889e-04],\n",
       "       [3.38383838e-03, 5.84126984e-03, 9.84796056e-01, 5.97883598e-03],\n",
       "       [2.39668692e-01, 2.84691595e-01, 1.70746272e-01, 3.04893440e-01],\n",
       "       [0.00000000e+00, 5.72222222e-03, 9.93611111e-01, 6.66666667e-04],\n",
       "       [2.69317719e-02, 4.87377992e-02, 8.91960650e-01, 3.23697784e-02],\n",
       "       [7.17069042e-02, 6.16552216e-01, 2.12937340e-01, 9.88035391e-02],\n",
       "       [3.33333333e-03, 7.49494949e-03, 9.88338384e-01, 8.33333333e-04],\n",
       "       [2.00000000e-03, 1.36481481e-02, 9.84351852e-01, 0.00000000e+00],\n",
       "       [1.67107903e-01, 4.10109721e-01, 1.62224607e-01, 2.60557769e-01],\n",
       "       [2.42357389e-02, 2.55389484e-02, 9.33825842e-01, 1.63994709e-02],\n",
       "       [9.98677249e-03, 4.58855219e-02, 9.12064954e-01, 3.20627521e-02],\n",
       "       [6.55555556e-03, 7.62962963e-03, 9.75632275e-01, 1.01825397e-02],\n",
       "       [1.49339856e-01, 3.81575367e-01, 1.04739185e-01, 3.64345592e-01],\n",
       "       [2.22222222e-03, 1.95011655e-02, 9.69069153e-01, 9.20745921e-03],\n",
       "       [3.84066950e-01, 1.25440429e-01, 1.74053946e-01, 3.16438675e-01],\n",
       "       [3.06637807e-03, 1.67330447e-02, 9.69125541e-01, 1.10750361e-02],\n",
       "       [1.66666667e-03, 1.53333333e-02, 9.82047619e-01, 9.52380952e-04],\n",
       "       [1.78571429e-03, 3.79986772e-02, 9.55632275e-01, 4.58333333e-03],\n",
       "       [2.64376030e-01, 1.35391201e-01, 1.57617679e-01, 4.42615091e-01]])"
      ]
     },
     "execution_count": 126,
     "metadata": {},
     "output_type": "execute_result"
    }
   ],
   "source": [
    "rf_tree_opt.fit(X_train, y_train)\n",
    "rf_tree_opt.predict_proba(X_test)"
   ]
  },
  {
   "cell_type": "code",
   "execution_count": 127,
   "metadata": {},
   "outputs": [
    {
     "name": "stdout",
     "output_type": "stream",
     "text": [
      "Logarithmic Loss: 0.23443549564435415\n"
     ]
    }
   ],
   "source": [
    "print('Logarithmic Loss:', metrics.log_loss(y_test, rf_tree_opt.predict_proba(X_test)))"
   ]
  },
  {
   "cell_type": "markdown",
   "metadata": {},
   "source": [
    "### Random Search"
   ]
  },
  {
   "cell_type": "code",
   "execution_count": 128,
   "metadata": {},
   "outputs": [],
   "source": [
    "rf_random=RandomizedSearchCV(rf_tree,param_distributions=rf_params,n_iter=5,scoring='f1_micro',n_jobs=-1,cv=kf,verbose=3)"
   ]
  },
  {
   "cell_type": "code",
   "execution_count": 129,
   "metadata": {},
   "outputs": [
    {
     "name": "stdout",
     "output_type": "stream",
     "text": [
      "Fitting 5 folds for each of 5 candidates, totalling 25 fits\n"
     ]
    },
    {
     "name": "stderr",
     "output_type": "stream",
     "text": [
      "[Parallel(n_jobs=-1)]: Using backend LokyBackend with 4 concurrent workers.\n",
      "[Parallel(n_jobs=-1)]: Done  25 out of  25 | elapsed:    7.4s finished\n"
     ]
    },
    {
     "data": {
      "text/plain": [
       "RandomizedSearchCV(cv=KFold(n_splits=5, random_state=None, shuffle=False),\n",
       "                   error_score='raise-deprecating',\n",
       "                   estimator=RandomForestClassifier(bootstrap=True,\n",
       "                                                    class_weight=None,\n",
       "                                                    criterion='gini',\n",
       "                                                    max_depth=None,\n",
       "                                                    max_features='auto',\n",
       "                                                    max_leaf_nodes=None,\n",
       "                                                    min_impurity_decrease=0.0,\n",
       "                                                    min_impurity_split=None,\n",
       "                                                    min_samples_leaf=1,\n",
       "                                                    min_samples_split=2,\n",
       "                                                    min_weight_fraction...\n",
       "                                                    oob_score=False,\n",
       "                                                    random_state=None,\n",
       "                                                    verbose=0,\n",
       "                                                    warm_start=False),\n",
       "                   iid='warn', n_iter=5, n_jobs=-1,\n",
       "                   param_distributions={'max_depth': [10, 20, 30, 50, 70],\n",
       "                                        'min_samples_leaf': [4, 6, 8, 12, 15],\n",
       "                                        'min_samples_split': [2, 3, 4, 5, 6],\n",
       "                                        'n_estimators': [100, 150, 170, 200,\n",
       "                                                         300]},\n",
       "                   pre_dispatch='2*n_jobs', random_state=None, refit=True,\n",
       "                   return_train_score=False, scoring='f1_micro', verbose=3)"
      ]
     },
     "execution_count": 129,
     "metadata": {},
     "output_type": "execute_result"
    }
   ],
   "source": [
    "rf_random.fit(X_train, y_train)"
   ]
  },
  {
   "cell_type": "code",
   "execution_count": 130,
   "metadata": {},
   "outputs": [
    {
     "data": {
      "text/plain": [
       "(RandomForestClassifier(bootstrap=True, class_weight=None, criterion='gini',\n",
       "                        max_depth=30, max_features='auto', max_leaf_nodes=None,\n",
       "                        min_impurity_decrease=0.0, min_impurity_split=None,\n",
       "                        min_samples_leaf=4, min_samples_split=5,\n",
       "                        min_weight_fraction_leaf=0.0, n_estimators=150,\n",
       "                        n_jobs=None, oob_score=False, random_state=None,\n",
       "                        verbose=0, warm_start=False),\n",
       " {'n_estimators': 150,\n",
       "  'min_samples_split': 5,\n",
       "  'min_samples_leaf': 4,\n",
       "  'max_depth': 30})"
      ]
     },
     "execution_count": 130,
     "metadata": {},
     "output_type": "execute_result"
    }
   ],
   "source": [
    "rf_random.best_estimator_, rf_random.best_params_"
   ]
  },
  {
   "cell_type": "code",
   "execution_count": 131,
   "metadata": {},
   "outputs": [
    {
     "data": {
      "text/plain": [
       "0.2924258638663749"
      ]
     },
     "execution_count": 131,
     "metadata": {},
     "output_type": "execute_result"
    }
   ],
   "source": [
    "y_pred_cat = rf_random.predict_proba(X_test)\n",
    "log_loss(y_test, y_pred_cat)"
   ]
  },
  {
   "cell_type": "code",
   "execution_count": null,
   "metadata": {},
   "outputs": [],
   "source": []
  },
  {
   "cell_type": "code",
   "execution_count": null,
   "metadata": {},
   "outputs": [],
   "source": []
  },
  {
   "cell_type": "markdown",
   "metadata": {},
   "source": [
    "# XGBoost"
   ]
  },
  {
   "cell_type": "code",
   "execution_count": 40,
   "metadata": {},
   "outputs": [],
   "source": [
    "import os\n",
    "import gc\n",
    "import pickle\n",
    "import time\n",
    "import pandas as pd\n",
    "import numpy as np\n",
    "from xgboost import XGBRegressor\n",
    "from xgboost import XGBClassifier\n",
    "import xgboost as xgb\n",
    "import matplotlib.pylab as plt\n",
    "from matplotlib.pylab import rcParams\n",
    "rcParams['figure.figsize'] = 12, 4"
   ]
  },
  {
   "cell_type": "code",
   "execution_count": 41,
   "metadata": {},
   "outputs": [
    {
     "data": {
      "text/plain": [
       "XGBClassifier(base_score=0.5, booster='gbtree', colsample_bylevel=1,\n",
       "              colsample_bynode=1, colsample_bytree=0.4, eta=0.1, gamma=0,\n",
       "              learning_rate=0.1, max_delta_step=0, max_depth=10,\n",
       "              min_child_weight=0.5, missing=None, n_estimators=100, n_jobs=1,\n",
       "              nthread=None, objective='multi:softprob', random_state=0,\n",
       "              reg_alpha=0, reg_lambda=1, scale_pos_weight=1, seed=30,\n",
       "              silent=None, subsample=0.4, verbosity=1)"
      ]
     },
     "execution_count": 41,
     "metadata": {},
     "output_type": "execute_result"
    }
   ],
   "source": [
    "xgbmodel = XGBClassifier(\n",
    "    max_depth=10,\n",
    "    n_estimators=100,\n",
    "    min_child_weight=0.5, \n",
    "    colsample_bytree=0.4, \n",
    "    subsample=0.4, \n",
    "    eta=0.1,\n",
    "    seed=30)\n",
    "\n",
    "xgbmodel.fit(\n",
    "    X_train, \n",
    "    y_train, \n",
    "    eval_metric='mlogloss',\n",
    "    verbose=True)"
   ]
  },
  {
   "cell_type": "code",
   "execution_count": 42,
   "metadata": {},
   "outputs": [
    {
     "name": "stdout",
     "output_type": "stream",
     "text": [
      "Logarithmic Loss: 0.03338815379177431\n"
     ]
    }
   ],
   "source": [
    "print('Logarithmic Loss:', metrics.log_loss(y_test, xgbmodel.predict_proba(X_test)))"
   ]
  },
  {
   "cell_type": "markdown",
   "metadata": {},
   "source": [
    "## Optimization"
   ]
  },
  {
   "cell_type": "markdown",
   "metadata": {},
   "source": [
    "### Grid Search"
   ]
  },
  {
   "cell_type": "code",
   "execution_count": 52,
   "metadata": {},
   "outputs": [],
   "source": [
    "xgb_params = {'min_child_weight': [0.1, 0.5, 0.7, 0.9, 1], \n",
    "              'max_depth': [1, 10, 20, 30, 40],\n",
    "              'n_estimator': [100, 150, 170, 200, 300],\n",
    "              'seed': [10, 20, 30, 50, 70]}\n",
    "\n",
    "kf = KFold(n_splits=5)"
   ]
  },
  {
   "cell_type": "code",
   "execution_count": 53,
   "metadata": {},
   "outputs": [],
   "source": [
    "xgbmodel_test = XGBClassifier()"
   ]
  },
  {
   "cell_type": "code",
   "execution_count": 98,
   "metadata": {},
   "outputs": [],
   "source": [
    "grid_searcher_xgb = GridSearchCV(estimator=xgbmodel_test, param_grid=xgb_params, \n",
    "                             cv=kf, verbose=1, n_jobs=4)"
   ]
  },
  {
   "cell_type": "code",
   "execution_count": 99,
   "metadata": {},
   "outputs": [
    {
     "name": "stdout",
     "output_type": "stream",
     "text": [
      "Fitting 5 folds for each of 625 candidates, totalling 3125 fits\n"
     ]
    },
    {
     "name": "stderr",
     "output_type": "stream",
     "text": [
      "[Parallel(n_jobs=4)]: Using backend LokyBackend with 4 concurrent workers.\n",
      "[Parallel(n_jobs=4)]: Done  42 tasks      | elapsed:    5.3s\n",
      "[Parallel(n_jobs=4)]: Done 192 tasks      | elapsed:   15.5s\n",
      "[Parallel(n_jobs=4)]: Done 442 tasks      | elapsed:   32.1s\n",
      "[Parallel(n_jobs=4)]: Done 792 tasks      | elapsed:  1.0min\n",
      "[Parallel(n_jobs=4)]: Done 1242 tasks      | elapsed:  1.7min\n",
      "[Parallel(n_jobs=4)]: Done 1792 tasks      | elapsed:  2.6min\n",
      "[Parallel(n_jobs=4)]: Done 2442 tasks      | elapsed:  3.6min\n",
      "[Parallel(n_jobs=4)]: Done 3125 out of 3125 | elapsed:  4.7min finished\n"
     ]
    },
    {
     "data": {
      "text/plain": [
       "GridSearchCV(cv=KFold(n_splits=5, random_state=None, shuffle=False),\n",
       "             error_score='raise-deprecating',\n",
       "             estimator=XGBClassifier(base_score=0.5, booster='gbtree',\n",
       "                                     colsample_bylevel=1, colsample_bynode=1,\n",
       "                                     colsample_bytree=1, gamma=0,\n",
       "                                     learning_rate=0.1, max_delta_step=0,\n",
       "                                     max_depth=3, min_child_weight=1,\n",
       "                                     missing=None, n_estimators=100, n_jobs=1,\n",
       "                                     nthread=None, objective='b...,\n",
       "                                     random_state=0, reg_alpha=0, reg_lambda=1,\n",
       "                                     scale_pos_weight=1, seed=None, silent=None,\n",
       "                                     subsample=1, verbosity=1),\n",
       "             iid='warn', n_jobs=4,\n",
       "             param_grid={'max_depth': [1, 10, 20, 30, 40],\n",
       "                         'min_child_weight': [0.1, 0.5, 0.7, 0.9, 1],\n",
       "                         'n_estimator': [100, 150, 170, 200, 300],\n",
       "                         'seed': [10, 20, 30, 50, 70]},\n",
       "             pre_dispatch='2*n_jobs', refit=True, return_train_score=False,\n",
       "             scoring=None, verbose=1)"
      ]
     },
     "execution_count": 99,
     "metadata": {},
     "output_type": "execute_result"
    }
   ],
   "source": [
    "grid_searcher_xgb.fit(X_train, y_train)"
   ]
  },
  {
   "cell_type": "code",
   "execution_count": 100,
   "metadata": {},
   "outputs": [
    {
     "data": {
      "text/plain": [
       "({'max_depth': 1, 'min_child_weight': 0.1, 'n_estimator': 100, 'seed': 10},\n",
       " 1.0)"
      ]
     },
     "execution_count": 100,
     "metadata": {},
     "output_type": "execute_result"
    }
   ],
   "source": [
    "grid_searcher_xgb.best_params_, grid_searcher.best_score_"
   ]
  },
  {
   "cell_type": "code",
   "execution_count": 101,
   "metadata": {},
   "outputs": [],
   "source": [
    "xgbmodel_opt = XGBClassifier(\n",
    "    max_depth=1,\n",
    "    n_estimators=100,\n",
    "    min_child_weight=0.1, \n",
    "    colsample_bytree=0.4, \n",
    "    subsample=0.4, \n",
    "    eta=0.1,\n",
    "    seed=10)"
   ]
  },
  {
   "cell_type": "code",
   "execution_count": 102,
   "metadata": {},
   "outputs": [
    {
     "data": {
      "text/plain": [
       "XGBClassifier(base_score=0.5, booster='gbtree', colsample_bylevel=1,\n",
       "              colsample_bynode=1, colsample_bytree=0.4, eta=0.1, gamma=0,\n",
       "              learning_rate=0.1, max_delta_step=0, max_depth=1,\n",
       "              min_child_weight=0.1, missing=None, n_estimators=100, n_jobs=1,\n",
       "              nthread=None, objective='multi:softprob', random_state=0,\n",
       "              reg_alpha=0, reg_lambda=1, scale_pos_weight=1, seed=10,\n",
       "              silent=None, subsample=0.4, verbosity=1)"
      ]
     },
     "execution_count": 102,
     "metadata": {},
     "output_type": "execute_result"
    }
   ],
   "source": [
    "xgbmodel_opt.fit(X_train, y_train)"
   ]
  },
  {
   "cell_type": "code",
   "execution_count": 103,
   "metadata": {},
   "outputs": [
    {
     "data": {
      "text/plain": [
       "0.06993989018811743"
      ]
     },
     "execution_count": 103,
     "metadata": {},
     "output_type": "execute_result"
    }
   ],
   "source": [
    "log_loss(y_test, xgbmodel_opt.predict_proba(X_test))"
   ]
  },
  {
   "cell_type": "markdown",
   "metadata": {},
   "source": [
    "### Random search"
   ]
  },
  {
   "cell_type": "code",
   "execution_count": 58,
   "metadata": {},
   "outputs": [],
   "source": [
    "xgb_random=RandomizedSearchCV(xgbmodel_test,param_distributions=xgb_params,n_iter=5,scoring='f1_micro',n_jobs=-1,cv=kf,verbose=3)"
   ]
  },
  {
   "cell_type": "code",
   "execution_count": 59,
   "metadata": {},
   "outputs": [
    {
     "name": "stdout",
     "output_type": "stream",
     "text": [
      "Fitting 5 folds for each of 5 candidates, totalling 25 fits\n"
     ]
    },
    {
     "name": "stderr",
     "output_type": "stream",
     "text": [
      "[Parallel(n_jobs=-1)]: Using backend LokyBackend with 4 concurrent workers.\n",
      "[Parallel(n_jobs=-1)]: Done  25 out of  25 | elapsed:    4.0s finished\n"
     ]
    },
    {
     "data": {
      "text/plain": [
       "RandomizedSearchCV(cv=KFold(n_splits=5, random_state=None, shuffle=False),\n",
       "                   error_score='raise-deprecating',\n",
       "                   estimator=XGBClassifier(base_score=0.5, booster='gbtree',\n",
       "                                           colsample_bylevel=1,\n",
       "                                           colsample_bynode=1,\n",
       "                                           colsample_bytree=1, gamma=0,\n",
       "                                           learning_rate=0.1, max_delta_step=0,\n",
       "                                           max_depth=3, min_child_weight=1,\n",
       "                                           missing=None, n_estimators=100,\n",
       "                                           n_jobs=1, nthread=None,\n",
       "                                           object...\n",
       "                                           reg_lambda=1, scale_pos_weight=1,\n",
       "                                           seed=None, silent=None, subsample=1,\n",
       "                                           verbosity=1),\n",
       "                   iid='warn', n_iter=5, n_jobs=-1,\n",
       "                   param_distributions={'max_depth': [1, 10, 20, 30, 40],\n",
       "                                        'min_child_weight': [0.1, 0.5, 0.7, 0.9,\n",
       "                                                             1],\n",
       "                                        'n_estimator': [100, 150, 170, 200,\n",
       "                                                        300],\n",
       "                                        'seed': [10, 20, 30, 50, 70]},\n",
       "                   pre_dispatch='2*n_jobs', random_state=None, refit=True,\n",
       "                   return_train_score=False, scoring='f1_micro', verbose=3)"
      ]
     },
     "execution_count": 59,
     "metadata": {},
     "output_type": "execute_result"
    }
   ],
   "source": [
    "xgb_random.fit(X_train, y_train)"
   ]
  },
  {
   "cell_type": "code",
   "execution_count": 60,
   "metadata": {},
   "outputs": [
    {
     "data": {
      "text/plain": [
       "(XGBClassifier(base_score=0.5, booster='gbtree', colsample_bylevel=1,\n",
       "               colsample_bynode=1, colsample_bytree=1, gamma=0,\n",
       "               learning_rate=0.1, max_delta_step=0, max_depth=1,\n",
       "               min_child_weight=0.1, missing=None, n_estimator=170,\n",
       "               n_estimators=100, n_jobs=1, nthread=None,\n",
       "               objective='multi:softprob', random_state=0, reg_alpha=0,\n",
       "               reg_lambda=1, scale_pos_weight=1, seed=10, silent=None,\n",
       "               subsample=1, verbosity=1),\n",
       " {'seed': 10, 'n_estimator': 170, 'min_child_weight': 0.1, 'max_depth': 1})"
      ]
     },
     "execution_count": 60,
     "metadata": {},
     "output_type": "execute_result"
    }
   ],
   "source": [
    "xgb_random.best_estimator_, xgb_random.best_params_"
   ]
  },
  {
   "cell_type": "code",
   "execution_count": 61,
   "metadata": {},
   "outputs": [
    {
     "data": {
      "text/plain": [
       "0.005057096190709811"
      ]
     },
     "execution_count": 61,
     "metadata": {},
     "output_type": "execute_result"
    }
   ],
   "source": [
    "y_pred_cat = xgb_random.predict_proba(X_test)\n",
    "log_loss(y_test, y_pred_cat)"
   ]
  },
  {
   "cell_type": "code",
   "execution_count": null,
   "metadata": {},
   "outputs": [],
   "source": []
  },
  {
   "cell_type": "code",
   "execution_count": null,
   "metadata": {},
   "outputs": [],
   "source": []
  },
  {
   "cell_type": "code",
   "execution_count": null,
   "metadata": {},
   "outputs": [],
   "source": []
  },
  {
   "cell_type": "code",
   "execution_count": null,
   "metadata": {},
   "outputs": [],
   "source": []
  },
  {
   "cell_type": "markdown",
   "metadata": {},
   "source": [
    "# LGBM Model"
   ]
  },
  {
   "cell_type": "code",
   "execution_count": 62,
   "metadata": {},
   "outputs": [
    {
     "name": "stderr",
     "output_type": "stream",
     "text": [
